((("PATH" .
   [1 0 0 0])
  ("start_with?" .
   [1 0 0 0 0 0 0 0 0 0 0])
  ("text" .
   [3 0 0 0])
  ("user" .
   [2 0 0 0])
  ("stream_client" .
   [0 0 0 0 3 1 0 0 0 0 0 0 0])
  ("update" .
   [1 0 0 0 0 0])
  ("item" .
   [1 0 0 0])
  ("puts" .
   [1 0 0 0])
  (":item" .
   [2 0 0 0 0])
  ("hmget" .
   [1 0 0 0 0])
  ("CCCCCC" .
   [1 0 0 0 0 0])
  ("222" .
   [1 0 0])
  ("0px" .
   [1 0 0])
  ("textarea" .
   [0 0 0 0 1 0 0 0])
  ("box-shadow" .
   [0 0 0 2 0 0 0 0 0 0])
  ("0" .
   [1])
  ("resize" .
   [0 0 0 0 2 0])
  ("000" .
   [2 0 0])
  ("10px" .
   [3 0 0 0])
  ("solid" .
   [0 0 1 1 0])
  ("teal" .
   [1 0 0 0])
  ("background-color" .
   [0 0 0 1 0 0 0 1 0 0 0 0 0 0 0 0])
  ("fuchsia" .
   [1 0 0 0 0 0 0])
  ("float" .
   [0 0 0 0 1])
  ("left" .
   [1 0 2 0])
  ("absolute" .
   [1 0 0 0 0 0 0 0])
  ("fixed" .
   [0 0 1 0 0])
  ("position" .
   [0 0 0 0 1 0 0 0])
  ("100px" .
   [0 1 0 1 0])
  ("margin-left" .
   [0 0 0 0 0 0 0 0 0 1 0])
  ("margin" .
   [0 0 0 0 0 1])
  ("padding" .
   [0 0 0 1 1 0 0])
  ("auto" .
   [2 0 2 0])
  ("block" .
   [0 0 0 3 0])
  ("display" .
   [0 0 0 1 0 0 0])
  ("right" .
   [0 0 2 1 0])
  ("source" .
   [0 0 1 0 0 0])
  ("ruby" .
   [0 0 1 0])
  ("gem" .
   [4 0 0])
  ("require" .
   [0 0 1 3 2 0 2])
  ("redis" .
   [5 0 0 0 2])
  ("Redis" .
   [1 0 0 0 0])
  ("new" .
   [3 0 0])
  ("down" .
   [0 0 5 0])
  ("post" .
   [7 0 0 1])
  ("Post" .
   [3 0 0 1])
  ("def" .
   [1 0 0])
  ("title" .
   [5 0 0 1 0])
  ("get" .
   [3 0 0])
  ("erb" .
   [3 0 0])
  ("params" .
   [2 0 0 0 1 0])
  ("redirect" .
   [0 0 0 0 0 0 1 0])
  (":title" .
   [0 0 0 0 1 0])
  ("true" .
   [2 0 0 0])
  ("validates" .
   [0 0 0 0 1 0 0 0 0])
  (":body" .
   [1 0 0 0 0])
  ("presence:" .
   [0 0 0 1 0 0 0 0 0])
  ("open" .
   [8 0 0 0])
  ("nokogiri" .
   [1 0 0 0 1 0 0 0])
  ("url" .
   [8 0 1])
  ("html" .
   [2 0 0 0])
  ("do" .
   [4 0])
  ("charset" .
   [2 0 0 0 1 0 0])
  ("read" .
   [1 0 0 0])
  ("Nokogiri::HTML" .
   [2 0 0 0 0 0 0 0 0 0 0 0 0 0])
  ("nil" .
   [1 0 0])
  ("doc" .
   [3 0 0])
  ("http" .
   [3 0 0 0])
  ("port" .
   [2 0 0 0])
  ("443" .
   [1 0 0])
  ("path" .
   [2 0 0 0])
  ("res" .
   [2 0 0])
  ("Net::HTTP" .
   [0 0 0 0 0 1 0 0 1])
  ("data" .
   [2 0 0 0])
  ("each" .
   [1 0 0 0])
  ("line" .
   [4 0 0 0])
  ("close" .
   [2 0 0 0 0])
  ("name" .
   [1 0 0 0])
  ("then" .
   [1 0 0 0])
  ("CSV" .
   [2 0 0])
  ("csv" .
   [11 0 0])
  ("strip" .
   [1 0 0 0 0])
  ("f" .
   [1])
  ("file" .
   [5 0 0 0])
  ("header" .
   [1 0 0 0 0 0])
  ("foreach" .
   [0 0 0 0 1 0 0])
  ("fix" .
   [1 0 0])
  ("describe-key" .
   [0 0 0 0 0 0 0 0 0 1 0 0])
  ("turn" .
   [1 0 0 0])
  ("other" .
   [1 0 0 0 0])
  ("6/13のノート参照" .
   [0 0 0 0 1 0 0 0 0 0])
  ("deduce" .
   [1 0 0 0 0 0])
  ("induce" .
   [1 0 0 0 0 0])
  ("config" .
   [1 0 2 1 0 0])
  ("client" .
   [1 0 1 1 1 1])
  ("access_token" .
   [0 0 0 0 1 0 0 0 0 0 0 0])
  ("tweet" .
   [0 1 0 0 0])
  ("streaming_client" .
   [0 0 0 0 1 0 0 0 0 0 0 0 0 0 0 0])
  ("status" .
   [5 0 0 0 0 0])
  ("function" .
   [0 0 0 1 2 0 0 0])
  ("console" .
   [0 0 0 1 0 0 2])
  ("log" .
   [2 0 1])
  ("isNatta" .
   [0 0 1 2 0 0 0])
  ("send" .
   [1 0 0 0])
  ("msg" .
   [1 0 0])
  ("broadcast" .
   [0 0 0 0 1 0 0 0 0])
  ("connection" .
   [0 0 0 0 0 0 0 0 0 1])
  ("connections" .
   [1 0 0 0 0 0 0 0 0 0 0])
  ("false" .
   [1 0 0 0 0])))
